0.000000000000000000e+00 1.137893491670306645e+01 2.215565201659932271e+01 2.991254450228028716e+01 2.396972692085385859e+01 1.684749511256143251e+01 1.676410702286288412e+01 3.055815747142376537e+01 2.344092886899397499e+01 3.507669478135469632e+01 4.110011658569541027e+01 4.593741519637963222e+01 4.314094123165253336e+01 5.100472181144129991e+01 1.551048307336130705e+01 1.754045420626729168e+01 2.322087618113380003e+01 4.244108877329122720e+01 4.026286840633573405e+01 4.828473078316321931e+01 4.940048377667114465e+01 5.043635831892489563e+01 3.655712236348757926e+01 3.333591720367449085e+01 4.273385847333384646e+01 5.691951965636278743e+01 3.960111160066787761e+01 3.920325824237148282e+01 4.003190788595575356e+01 6.008348228073949571e+01 6.093817454399445666e+01 4.983560462426250837e+01 2.290565248161171752e+01 3.594983307790676008e+01 4.644670271373705361e+01 3.947942438393209841e+01 4.553818073091554197e+01 5.245429217112781117e+01 6.222956608889784746e+01 5.031585329624369507e+01 4.986885896016846687e+01 5.493208675342548730e+01 7.098601145144513680e+01 6.385681891526890297e+01 8.483297536057062871e+01 6.932156824195760692e+01 7.187242845453863538e+01 6.920948888832050727e+01 7.796032362385911085e+01 8.449261903577615840e+01 8.507986322592589090e+01 7.820227207161886440e+01 3.896691712459347201e+01 3.053113073501837960e+01 5.742810470900500519e+01 5.911242515231906935e+01 4.350847465864124075e+01 5.403459271895210492e+01 4.613153398965946650e+01 6.478734633641074936e+01 5.559007308882864606e+01 6.723280052093977588e+01 7.042730428962420319e+01 7.505633795881823289e+01 7.370472172811000178e+01 6.776242778100099429e+01 2.381870351321954615e+01 2.451028150080344403e+01 5.058308390205196758e+01 5.035262006210232499e+01 4.521478879226908987e+01 7.694088296416434503e+01 7.711435582103899833e+01 7.819279763977185382e+01 4.492687885913527168e+01 4.431093996645118693e+01 6.594324508294091913e+01 7.322530841403987267e+01 6.055435180397528683e+01 5.947939194160810672e+01 5.708087765355178078e+01 8.295933722212153327e+01 7.958875696952078727e+01 6.871518585467180174e+01 4.866065690817229239e+01 4.700962277187340277e+01 5.831878626321005754e+01 5.298461605935961671e+01 5.438415186026543324e+01 5.750573732221231893e+01 6.982402174398259831e+01 5.820265309144024002e+01 5.668505896303034319e+01 5.786477723403938711e+01 7.516323714915806420e+01 6.925975076954843246e+01 8.909365716278237812e+01 7.296745419976814162e+01 7.767905472850057436e+01 8.131679798115682445e+01 9.155043281358949514e+01 9.522612754857829032e+01 9.290287409528585272e+01 9.491137183832186963e+01
1.137893491670306645e+01 0.000000000000000000e+00 3.342785335127958035e+01 3.973526380175724881e+01 2.930558624031679571e+01 2.765863052606395556e+01 2.533284897724980667e+01 4.181271780562064322e+01 3.177109395732634312e+01 4.548342178687932602e+01 5.171467726463642123e+01 5.666298000537747015e+01 5.416045668129048352e+01 5.840852937834131353e+01 9.328694730777806754e+00 1.578645198380807280e+01 2.819356696895112435e+01 4.647069909468829252e+01 4.354871334609595124e+01 5.908098684602094153e+01 5.989963250616037982e+01 6.110027909578579397e+01 3.194291512144675238e+01 3.238445967080691901e+01 5.053304791893125980e+01 6.454610697807950714e+01 4.844651452026406702e+01 4.795644500985541470e+01 4.792258355574657713e+01 6.997674173810113984e+01 6.999358693097052253e+01 5.865347440554889857e+01 3.116838178588174557e+01 3.813526542709693956e+01 4.973859869994272032e+01 4.406893112327072259e+01 5.045086155952461837e+01 5.702131088059540076e+01 6.819803877259811031e+01 5.631446421644908895e+01 5.520734647133008366e+01 5.967580955255090203e+01 7.671406358395041991e+01 6.966201432188174181e+01 9.093797007533260057e+01 7.473423048337654961e+01 7.773444469366475573e+01 7.658548014219240940e+01 8.597260332802825644e+01 9.210759839433332274e+01 9.203229755676147761e+01 8.713015042824557099e+01 3.053113073501837249e+01 2.059874999999999545e+01 5.100316005422282473e+01 5.434199610021703108e+01 3.944328682837170419e+01 4.645850596331266757e+01 4.022637307690773412e+01 5.893650897301611025e+01 4.850270969523090514e+01 6.170770026980746792e+01 6.635823553041855405e+01 7.122595491725712691e+01 6.943480426291758079e+01 6.681057663013753256e+01 1.611690273697546161e+01 2.010332855599723700e+01 4.315548903455476903e+01 5.047383712232309705e+01 4.604611358040562408e+01 7.339967925070999399e+01 7.376602984909530392e+01 7.497049252798021257e+01 3.716006386281927831e+01 3.871991467918571317e+01 6.234537844344519186e+01 7.271860175616498623e+01 5.879132632047043217e+01 5.794429003089594943e+01 5.631872088851501701e+01 8.140340166619883178e+01 7.927528687591687628e+01 6.799547796206327632e+01 4.411142938461077279e+01 4.403766754905000624e+01 5.595908769811030936e+01 5.101160576233314004e+01 5.488664040260547239e+01 5.954037651075909565e+01 7.197995440662711530e+01 6.019756512395824899e+01 5.858143988231895349e+01 6.112339431087953301e+01 7.878940364716899580e+01 7.233941706701335761e+01 9.306689672606532326e+01 7.654696558724047861e+01 8.063307811132136749e+01 8.263614025923210704e+01 9.278500869601197110e+01 9.748603622108383604e+01 9.594777583978473956e+01 9.550256256296179913e+01
2.215565201659932271e+01 3.342785335127958035e+01 0.000000000000000000e+00 1.387377281535966489e+01 2.446520380776285819e+01 1.222842763829061674e+01 1.513035951713644245e+01 1.116927647598863693e+01 2.307579153520004667e+01 2.111936322160598323e+01 2.060179127182601633e+01 2.505902935283265975e+01 2.244315819562512360e+01 3.864964118532839166e+01 3.500054492783600324e+01 3.300620202576877205e+01 3.072322399315113017e+01 3.952390863743120519e+01 3.955245637092711064e+01 2.800131989331523741e+01 3.130992199773726625e+01 3.083290166850134995e+01 5.390265279085498662e+01 4.654952378631072918e+01 3.625614181720960261e+01 4.749216162466053248e+01 2.581047279292125296e+01 2.682652803946378484e+01 2.931960225444538892e+01 4.246529967364124047e+01 4.500068303721717200e+01 3.533599953724618814e+01 2.121285893077957496e+01 4.331121326839820540e+01 4.998238405401394857e+01 4.106700665828778085e+01 4.413103100416224578e+01 4.701660991370648901e+01 5.274483480179926431e+01 4.334924197230423459e+01 4.341157069285059578e+01 4.955879023067807054e+01 6.315623497180833112e+01 5.649772620192335637e+01 7.520248392244204183e+01 6.093118341391312498e+01 6.200754991288720674e+01 5.594034189532846568e+01 6.292289503686021135e+01 7.052062677960846315e+01 7.267827196440583748e+01 6.208210280022642991e+01 5.742810470900500519e+01 5.100316005422283183e+01 7.203839824465165975e+01 7.069815167942931566e+01 5.509949325809434839e+01 7.086987112476032280e+01 6.036259307949256225e+01 7.847413802521110426e+01 7.231630036545487883e+01 8.079629416339140846e+01 8.044350101946294274e+01 8.450640509627780261e+01 8.429638211325672614e+01 7.192503613433960652e+01 4.276813419034895958e+01 4.038861325610064057e+01 6.839054979226440878e+01 5.403100457015782609e+01 4.844496542356468183e+01 8.612855826715394869e+01 8.638446700959663360e+01 8.689696060142449596e+01 6.454700776417109864e+01 6.117419093369407790e+01 7.731464295678702570e+01 7.860452777025692228e+01 6.742285975073096438e+01 6.647363790497728075e+01 6.261383740914173046e+01 8.861539964358460963e+01 8.288759589314919651e+01 7.339201750860296158e+01 6.210880858853911235e+01 5.976684418466570037e+01 6.926493795051686675e+01 6.320649843036488136e+01 5.984679028617350838e+01 5.689849520102136893e+01 6.808846804873894598e+01 5.883364465532289245e+01 5.680903816713094301e+01 5.538612354571385055e+01 7.153560269610194666e+01 6.724298772878633201e+01 8.381760146777857301e+01 6.834955610242730017e+01 7.382637610740133027e+01 8.061346696663257205e+01 9.065373770028949707e+01 9.240853517242874204e+01 8.863519633437304890e+01 9.592552662413309861e+01
2.991254450228028716e+01 3.973526380175724881e+01 1.387377281535966489e+01 0.000000000000000000e+00 1.846589326039342893e+01 2.562579279004067345e+01 1.480559487110154926e+01 2.042819857102100300e+01 3.612083373181157953e+01 3.118715860130454232e+01 1.436999190334901044e+01 1.981322428208539677e+01 2.293605887690467782e+01 2.537932098976500939e+01 3.863330188229021900e+01 3.529347748364381232e+01 4.320103081378331922e+01 2.858503483032828996e+01 3.020076343013153419e+01 2.631312285652750305e+01 3.333002486804252840e+01 2.978741794740919246e+01 6.482200856114211263e+01 5.724970389862235720e+01 4.514908426905505934e+01 5.056583647252365665e+01 1.836285338125017219e+01 2.402133071713552326e+01 2.285778197950283541e+01 3.983082029826046977e+01 3.930257013987041148e+01 2.973931906329252683e+01 2.990095884436096441e+01 5.249632412636993450e+01 5.936124117826574320e+01 4.892098355339325622e+01 4.796289755670330379e+01 3.593990582856255145e+01 4.155496329075722173e+01 3.821556400992094638e+01 3.381085881249840952e+01 4.148026658566262626e+01 5.883353155207548468e+01 5.291059975940344628e+01 6.966706888707078349e+01 5.121687469464428233e+01 5.097345635544579778e+01 4.480391822095968024e+01 5.262138544914283500e+01 6.154324587060143159e+01 6.385446152177576806e+01 5.673287550546845637e+01 5.911242515231906225e+01 5.434199610021703108e+01 7.069815167942930145e+01 6.671090967950792106e+01 5.097197690719691110e+01 7.189791333861514033e+01 5.814972515677611398e+01 7.748906588827760800e+01 7.519640226460519727e+01 8.127033023403342327e+01 7.619739922415995181e+01 8.015144803451642019e+01 8.148615284201667919e+01 6.365076949156937758e+01 4.529827508029597993e+01 4.180179431111488242e+01 7.296290615364793553e+01 4.554057464181372694e+01 4.045657029792780435e+01 8.267904084961691069e+01 8.434151866272165421e+01 8.366349728647259099e+01 7.327667441131569603e+01 6.882182834426922113e+01 7.972852451576436295e+01 7.867616204475370978e+01 6.268924561602575096e+01 6.326568077390390243e+01 5.793937395802943513e+01 8.478507248198293667e+01 7.766374959251345444e+01 6.867445781660137527e+01 6.363637538355965972e+01 6.577718139682220055e+01 7.518711201746130257e+01 6.731343751226033589e+01 6.175502665954424941e+01 4.735623364039657446e+01 5.868326447986581229e+01 5.408935299896162974e+01 4.885262573478297554e+01 4.782191282655305997e+01 6.713084687452953858e+01 6.348879772201028970e+01 7.824425027063044524e+01 5.925618700030268826e+01 6.391373965446506844e+01 7.160611444504374390e+01 8.193208142330223609e+01 8.420224730412121517e+01 8.038095502734425679e+01 9.039176293091777836e+01
2.396972692085385859e+01 2.930558624031679571e+01 2.446520380776285819e+01 1.846589326039342893e+01 0.000000000000000000e+00 3.087763612556624793e+01 1.038230976394436134e+01 3.413613959443188151e+01 4.081976531234023753e+01 4.297618642169157255e+01 3.197705048015620477e+01 3.724760541976866079e+01 3.971307754275321145e+01 3.012552863534246583e+01 2.540555202752002373e+01 2.238064324465543820e+01 4.420120591713889269e+01 1.960251475046824865e+01 1.940690050284353418e+01 4.282515406719996065e+01 4.812771744225516812e+01 4.566642910848177195e+01 5.923350026966675586e+01 5.392830680521652909e+01 5.283000046143148154e+01 5.865301211681352811e+01 2.746185348916285562e+01 3.220232691124517999e+01 2.812509602318046831e+01 5.352760317149060398e+01 5.045646044156652010e+01 3.956545357260107920e+01 3.296596476592680602e+01 5.143259497589588847e+01 6.096647961262529947e+01 5.067531145267574288e+01 4.963118190617038294e+01 3.168343880611514152e+01 4.277350187538089443e+01 3.983653042506635700e+01 3.197024292247365551e+01 3.951716005670664345e+01 6.208506899437904991e+01 5.602627616397801802e+01 7.412805281212648367e+01 5.194339252794040362e+01 5.267604336521949904e+01 5.067871462621829437e+01 6.070930532442758221e+01 6.885503225628245616e+01 6.950605785024184513e+01 6.793703016222247015e+01 4.350847465864123365e+01 3.944328682837170419e+01 5.509949325809434129e+01 5.097197690719691110e+01 3.383484390735145553e+01 5.694006329485158346e+01 4.137159021326604602e+01 6.323802933495852585e+01 6.222863668401176085e+01 6.858235941200524621e+01 6.214936820180693644e+01 6.668263361889337659e+01 6.839611681178294589e+01 5.133895108786251882e+01 3.048217228917732413e+01 2.748416095986906527e+01 6.088693610070107098e+01 3.196420154239639189e+01 2.727928042023016175e+01 7.035526062244889545e+01 7.321688935686614741e+01 7.201035572650266658e+01 6.403738719657054901e+01 6.040036315476759654e+01 7.057718266673383312e+01 7.268287548552297039e+01 5.075770566642022175e+01 5.267225936469041869e+01 4.720843474163158504e+01 7.554116683187349679e+01 6.943760529505085799e+01 5.923544029447468517e+01 5.183812384632526005e+01 5.866844367106174474e+01 6.925955299353982753e+01 6.043399659331921470e+01 5.683969015071064490e+01 3.855050974325259006e+01 5.196504185465338566e+01 4.827103454561175511e+01 4.065383200879261949e+01 4.299810446920923113e+01 6.621668603726335789e+01 6.134688036141496070e+01 7.834804408502418482e+01 5.611204766187551485e+01 5.940357992025750633e+01 6.442651033766169633e+01 7.540483038006229322e+01 8.009975495775020704e+01 7.771791546381793125e+01 8.442186721193313304e+01
1.684749511256143251e+01 2.765863052606395556e+01 1.222842763829061674e+01 2.562579279004067345e+01 3.087763612556624793e+01 0.000000000000000000e+00 2.072833222880423421e+01 1.607261271536920688e+01 1.238990197017665729e+01 1.981398134703776037e+01 3.181829824597900114e+01 3.562814945647804876e+01 3.049844388114056315e+01 4.982977251498925142e+01 3.155597192672907880e+01 3.110838066040919614e+01 1.914875124685701735e+01 4.789298242842540532e+01 4.671738000116014433e+01 3.636413788962376259e+01 3.643066926629933278e+01 3.834104462486879328e+01 4.266100057521313005e+01 3.597592678027069724e+01 3.201105508681455092e+01 4.821793856271706602e+01 3.502587794200245241e+01 3.341716023584631756e+01 3.715841582027836409e+01 4.947150907615567661e+01 5.313466834234878888e+01 4.337625241303654633e+01 1.708532315615486397e+01 3.522318473745155387e+01 4.236022700108566141e+01 3.548084706396390686e+01 4.247303043870525840e+01 5.568060817187833322e+01 6.218977205636097949e+01 4.901769707899735096e+01 5.148711618209220120e+01 5.645582236443532764e+01 6.800176057350309122e+01 6.091100194562316972e+01 8.105286744321111314e+01 6.923595802888767992e+01 7.140061241765332056e+01 6.619728626463184185e+01 7.311885968922338463e+01 7.960336267289902423e+01 8.126126886205469191e+01 6.967102269613958754e+01 5.403459271895209781e+01 4.645850596331266757e+01 7.086987112476032280e+01 7.189791333861514033e+01 5.694006329485158346e+01 6.764453832226917029e+01 6.030011508641356244e+01 7.696601319809120412e+01 6.755863973532413524e+01 7.812583053797905563e+01 8.179436128912273318e+01 8.593875823530778746e+01 8.443725901033154457e+01 7.705843591651951385e+01 3.953492103758883047e+01 3.842543442543488652e+01 6.222793650724863568e+01 5.973413712879662540e+01 5.401206452061745722e+01 8.690093352196785759e+01 8.610343855594268803e+01 8.756636674985567481e+01 5.480766015561764704e+01 5.266498359113642636e+01 7.350740948861260904e+01 7.751676651188142841e+01 6.978424079181088757e+01 6.775078818223531130e+01 6.522967003952420839e+01 9.015456430306272750e+01 8.586649338552327038e+01 7.593997151017562430e+01 5.908968744626425007e+01 5.322996794417531419e+01 6.287713554387214288e+01 5.853756116910367524e+01 5.777871711626826112e+01 6.375401669458035769e+01 7.488996402111683892e+01 6.235759365711134450e+01 6.254382165945121841e+01 6.133113791176313612e+01 7.539252520672971514e+01 7.041788258414972290e+01 8.863399258452805896e+01 7.545975614892240912e+01 8.127439027763921331e+01 8.686651088078440353e+01 9.667170331977106912e+01 9.841423121942152363e+01 9.497610115682087439e+01 9.937508596860917010e+01
1.676410702286288412e+01 2.533284897724980667e+01 1.513035951713644245e+01 1.480559487110154926e+01 1.038230976394436134e+01 2.072833222880423421e+01 0.000000000000000000e+00 2.560490335146005236e+01 3.141932188831587425e+01 3.438297815122605527e+01 2.826052868593710699e+01 3.361049648985489569e+01 3.403866322648426745e+01 3.497999355788470410e+01 2.438329698799496725e+01 2.242432605943736590e+01 3.557053599250247089e+01 2.883812010383919500e+01 2.842775017021774886e+01 3.831094061052218080e+01 4.264573694709798701e+01 4.118626575367281362e+01 5.304037842528797597e+01 4.756811352179772712e+01 4.568541965082577860e+01 5.471254300388883252e+01 2.718514292282625888e+01 3.025520575030504844e+01 2.889417595588025733e+01 5.075914742150288106e+01 4.997810204681503876e+01 3.903236160756062390e+01 2.596584946867375265e+01 4.574514450579331282e+01 5.489114961672150628e+01 4.528757855920815700e+01 4.669741824611330827e+01 3.931219451892289385e+01 4.860081855059494416e+01 4.193510995076638892e+01 3.774631198891236039e+01 4.467873080468212521e+01 6.380290398474056701e+01 5.723844216735232493e+01 7.632820877015360850e+01 5.736800301659225454e+01 5.846508344668026069e+01 5.489695172039186843e+01 6.391174190273301292e+01 7.183856604328568096e+01 7.300977354745204195e+01 6.768943114799294847e+01 4.613153398965945229e+01 4.022637307690773412e+01 6.036259307949254804e+01 5.814972515677610687e+01 4.137159021326603892e+01 6.030011508641355533e+01 4.740131578947369206e+01 6.801189001842442394e+01 6.385847724386928093e+01 7.200109975895952630e+01 6.911877766343688734e+01 7.358989332772360115e+01 7.418134993157201507e+01 6.037100510164060552e+01 3.149646079103379392e+01 2.931510497368010348e+01 6.100664259466095274e+01 4.152929513841547049e+01 3.637353816300134923e+01 7.637369115241321538e+01 7.799869406858132947e+01 7.771348283723975214e+01 6.035646053006103529e+01 5.744001354672485604e+01 7.180142885517582840e+01 7.466531016877642912e+01 5.737466295412038875e+01 5.787379319721292603e+01 5.337524856544896323e+01 8.097525621262353468e+01 7.540567762494163162e+01 6.516265144857941038e+01 5.400347219904646323e+01 5.664564005949124237e+01 6.727585325483212841e+01 5.974948058617052027e+01 5.706033200973136843e+01 4.712891374308738079e+01 5.984970545479164628e+01 5.291189935525451205e+01 4.804459533144191852e+01 4.897538816116972527e+01 6.937904208021433305e+01 6.442929696038544307e+01 8.202097955338865631e+01 6.262703181284992127e+01 6.689184320543876083e+01 7.232300665501838921e+01 8.298801301916273587e+01 8.664483558546201891e+01 8.381029038368464512e+01 9.000294659410054976e+01
3.055815747142376537e+01 4.181271780562064322e+01 1.116927647598863693e+01 2.042819857102100300e+01 3.413613959443188151e+01 1.607261271536920688e+01 2.560490335146005236e+01 0.000000000000000000e+00 2.173039268706423144e+01 1.151247017842838360e+01 1.887465759800973686e+01 2.124651369361243169e+01 1.470909399976358678e+01 4.205875399051873131e+01 4.344446029342936555e+01 4.070266482427632582e+01 3.121664480878775549e+01 4.647847991915040922e+01 4.636008486429709308e+01 2.078513110629086924e+01 2.180179404371829932e+01 2.288236347283043770e+01 5.706836742999185219e+01 4.760422939951651955e+01 2.884721387682772331e+01 4.006238282470371814e+01 2.602922634707484661e+01 2.459255624440272925e+01 2.983133287159347091e+01 3.505259095775540601e+01 4.008297737578079989e+01 3.202566966264317472e+01 2.068702773368254100e+01 4.208960843586395839e+01 4.617303394048272480e+01 3.771484996432977965e+01 4.081387190206901749e+01 5.133198934101310584e+01 5.440809164102093121e+01 4.269074872547805199e+01 4.623625214130579053e+01 5.117891616495592189e+01 5.988967766849766150e+01 5.339159609936316997e+01 7.137067970028934383e+01 6.140621977205986326e+01 6.282115837186512408e+01 5.560739710035245764e+01 6.089477857107326741e+01 6.750793888140137256e+01 7.009542846413056338e+01 5.595536805661852497e+01 6.478734633641074936e+01 5.893650897301611025e+01 7.847413802521109005e+01 7.748906588827760800e+01 6.323802933495853296e+01 7.696601319809120412e+01 6.801189001842443815e+01 8.375307820299499895e+01 7.702728837296881181e+01 8.487396787417237931e+01 8.594345060041514728e+01 8.957666478426406798e+01 8.883788987916496183e+01 7.776047227153129882e+01 5.088938273735637807e+01 4.781891472110645225e+01 7.290361197405741223e+01 6.114053363227979787e+01 5.530846386077427468e+01 9.024903020527719377e+01 8.950621149457610670e+01 9.053925714485829701e+01 6.872153813838207270e+01 6.401388149501221392e+01 7.907906985055400639e+01 7.852474179117218966e+01 7.202833945203383337e+01 7.003863192453123077e+01 6.669714613150361515e+01 9.089447576416174002e+01 8.508739511137470402e+01 7.639547714425459901e+01 6.625400262850322974e+01 6.118482812179789931e+01 6.932000237550600730e+01 6.408107509598985985e+01 5.971259244476079431e+01 6.187760602035047697e+01 7.152452794631805943e+01 6.051479593879261643e+01 6.081808782087615839e+01 5.770856794574449822e+01 6.999243483172990921e+01 6.630617564736881775e+01 8.177121973891057394e+01 6.989803262180296883e+01 7.624277473639250502e+01 8.372146116839917340e+01 9.305664407075941824e+01 9.329213378304113746e+01 8.891582169651685774e+01 9.668568033341870205e+01
2.344092886899397499e+01 3.177109395732634312e+01 2.307579153520004667e+01 3.612083373181157953e+01 4.081976531234023753e+01 1.238990197017665729e+01 3.141932188831587425e+01 2.173039268706423144e+01 0.000000000000000000e+00 1.803235363861505647e+01 3.963989980069726471e+01 4.243617769658152383e+01 3.510274457059053788e+01 5.864961284192369817e+01 3.589083092028625543e+01 3.526564303388462207e+01 9.893812564800228415e+00 5.661878731101536744e+01 5.450281287775834471e+01 4.053755070981875974e+01 3.716699916971705875e+01 4.137168291948857046e+01 3.648848477083116393e+01 2.734164258542532977e+01 2.371080093321318216e+01 4.359790216370520710e+01 4.111770360474489650e+01 3.678388650290318651e+01 4.219131891252909128e+01 5.104385765961631449e+01 5.599377019766940577e+01 4.698113567524182344e+01 1.510304443218432091e+01 2.608531041974170250e+01 3.168365858755889519e+01 2.714356454192182966e+01 3.749232137125206066e+01 6.279118904388950284e+01 6.841212870359454712e+01 5.127355818003272958e+01 5.732813543531874956e+01 6.060497630601956587e+01 6.778169159296996327e+01 6.057972465785645966e+01 8.123434028792968320e+01 7.375128364584672624e+01 7.704931514794792236e+01 7.224543615489493220e+01 7.839666139058871863e+01 8.325917314166551364e+01 8.452897453835714714e+01 7.118714470032655584e+01 5.559007308882863185e+01 4.850270969523089803e+01 7.231630036545487883e+01 7.519640226460518306e+01 6.222863668401175374e+01 6.755863973532413524e+01 6.385847724386928093e+01 7.702728837296879760e+01 6.520349227669578340e+01 7.635526296010172587e+01 8.393056528574361153e+01 8.772813835534890359e+01 8.489982917702397458e+01 8.228058773176999807e+01 4.283588525630249677e+01 4.164238371013186679e+01 5.896628741104883886e+01 6.658924023758734734e+01 6.065336134516506661e+01 8.745237277420649491e+01 8.513724608762409218e+01 8.766864730815780149e+01 4.972529369191777704e+01 4.662096994790287141e+01 6.915796952887103544e+01 7.383575498805592474e+01 7.212648622086072692e+01 6.856509561352967808e+01 6.745777417805774689e+01 8.989385449047568954e+01 8.672300507441156014e+01 7.715178440416221406e+01 5.755275749805427665e+01 4.707147065803772534e+01 5.554353103450409179e+01 5.316297790258827405e+01 5.370962930346307473e+01 6.980101612753652773e+01 7.973916317301458889e+01 6.372674356810972540e+01 6.709563081133984497e+01 6.501145439533226522e+01 7.493935568563472316e+01 6.980957112732284031e+01 8.853820207894894168e+01 7.941858044896312663e+01 8.596322803594561890e+01 9.093374637366744651e+01 1.000038792574494835e+02 1.007964001109805849e+02 9.733956218277542405e+01 9.953774832355878743e+01
3.507669478135469632e+01 4.548342178687932602e+01 2.111936322160598323e+01 3.118715860130454232e+01 4.297618642169157255e+01 1.981398134703776037e+01 3.438297815122605527e+01 1.151247017842838360e+01 1.803235363861505647e+01 0.000000000000000000e+00 2.788215767366413544e+01 2.876395854458105461e+01 1.962241582571872911e+01 5.083313050781363529e+01 4.747736931568829988e+01 4.461495193198267373e+01 2.747985400643008091e+01 5.486078735811587848e+01 5.382666077478216948e+01 2.454293958162500999e+01 1.999955539119387282e+01 2.479293651616258032e+01 5.414065215003583376e+01 4.290742737956047392e+01 1.869187525817759976e+01 3.345105506992442912e+01 3.227825796205880948e+01 2.757864427143131891e+01 3.475011812932770283e+01 3.496830767678366669e+01 4.193360579045157266e+01 3.507220922478744285e+01 1.904203147840278376e+01 3.595869473900105362e+01 3.759395703834688618e+01 3.066609814657077138e+01 3.578232730218828550e+01 5.824883528799848165e+01 6.034872965443136650e+01 4.455517662840523485e+01 5.190126123882040332e+01 5.511092763763682711e+01 5.892943738026252731e+01 5.235063394567978889e+01 7.066632828047045223e+01 6.553359059176199253e+01 6.806903144286997076e+01 6.121142590727724553e+01 6.547428935775938896e+01 7.027642050704382370e+01 7.254598752669495809e+01 5.603288545595678727e+01 6.723280052093977588e+01 6.170770026980746792e+01 8.079629416339139425e+01 8.127033023403342327e+01 6.858235941200524621e+01 7.812583053797905563e+01 7.200109975895954051e+01 8.487396787417237931e+01 7.635526296010174008e+01 8.442738589211617750e+01 8.867941373204138245e+01 9.198313764951859639e+01 9.012575367425996831e+01 8.304336335130363977e+01 5.442483920933769070e+01 5.123970496938718355e+01 7.162782791068592303e+01 6.782570136879355971e+01 6.176085160235639648e+01 9.152769535515759003e+01 8.942426753899113123e+01 9.137957481317158681e+01 6.639927131062403021e+01 6.072403374165856604e+01 7.625202740715084815e+01 7.560976139685305952e+01 7.475802399686651256e+01 7.138503077088438431e+01 6.924465598270897715e+01 9.117307044380756054e+01 8.623804764832323144e+01 7.797061167757794919e+01 6.600101835310864828e+01 5.727960382796814542e+01 6.409479301988413624e+01 6.038205779549058860e+01 5.652868503478773476e+01 6.779678298239920764e+01 7.625510609476826573e+01 6.196381735943793956e+01 6.532501766855713754e+01 6.126937275887287626e+01 6.924890233855255417e+01 6.556585310913617093e+01 8.123614915394223601e+01 7.361141041582102673e+01 8.071482486720724125e+01 8.772386351714214925e+01 9.632295491580596547e+01 9.548956238528975859e+01 9.099268563212783079e+01 9.698895142498668065e+01
4.110011658569541027e+01 5.171467726463642123e+01 2.060179127182601633e+01 1.436999190334901044e+01 3.197705048015620477e+01 3.181829824597900114e+01 2.826052868593710699e+01 1.887465759800973686e+01 3.963989980069726471e+01 2.788215767366413544e+01 0.000000000000000000e+00 5.448743012312992740e+00 1.152149336393160617e+01 2.601401715129303938e+01 5.076053649106411569e+01 4.657387907665227544e+01 4.838746139684053560e+01 3.702921561460829736e+01 3.885074541066551035e+01 1.307788122539824016e+01 2.239062060531526654e+01 1.695212199837987654e+01 7.289683355624353567e+01 6.318696345280539362e+01 4.207591582167627564e+01 4.396194682488517458e+01 1.608493044823450902e+01 2.071146648994120554e+01 2.220289372664455740e+01 2.759830165752884312e+01 2.903791212219404727e+01 2.226400836289673890e+01 3.340488752476607459e+01 5.586686445123186928e+01 6.007017752463180216e+01 4.968694060934872425e+01 4.722360604090278713e+01 3.965388877953168389e+01 4.025018173268683341e+01 3.665186827056280094e+01 3.574826306109157059e+01 4.211908421799282110e+01 5.378809180145696445e+01 4.852545869421198432e+01 6.297930869095881690e+01 4.886022128854456525e+01 4.823384355850438965e+01 3.943875735821448814e+01 4.466727546959912587e+01 5.328423314390108345e+01 5.669185207491460687e+01 4.540664864807268941e+01 7.042730428962418898e+01 6.635823553041855405e+01 8.044350101946294274e+01 7.619739922415995181e+01 6.214936820180693644e+01 8.179436128912273318e+01 6.911877766343688734e+01 8.594345060041514728e+01 8.393056528574361153e+01 8.867941373204138245e+01 8.393750000000000000e+01 8.728647027409154191e+01 8.846162984347131442e+01 7.045495605529301031e+01 5.727553292455847611e+01 5.291932545369240160e+01 8.180074391777864662e+01 5.433740047177150956e+01 4.920520713010662206e+01 8.888689586874441773e+01 8.974395639032645988e+01 8.931979817833564539e+01 8.235913638764185407e+01 7.634290981025577594e+01 8.487436513377403458e+01 8.064636892502043963e+01 6.913188966998315266e+01 6.884076417880588394e+01 6.371346250788982957e+01 8.837575782621266285e+01 8.055323863701521248e+01 7.291710590649961432e+01 7.131794775332777192e+01 7.139675755252905276e+01 7.929455499217662862e+01 7.182392621257284304e+01 6.429676411086047949e+01 5.262057342711579366e+01 6.148447915916854356e+01 5.645308284035974111e+01 5.331439288969470880e+01 4.986562147414448276e+01 6.487076087047580586e+01 6.248176089381275489e+01 7.458323529342862912e+01 5.920124646966907989e+01 6.478484637977915384e+01 7.403473082950429784e+01 8.341122949160163103e+01 8.363276574282173215e+01 7.882391822343943488e+01 9.106355592295835777e+01
4.593741519637963222e+01 5.666298000537747015e+01 2.505902935283265975e+01 1.981322428208539677e+01 3.724760541976866079e+01 3.562814945647804876e+01 3.361049648985489569e+01 2.124651369361243169e+01 4.243617769658152383e+01 2.876395854458105461e+01 5.448743012312992740e+00 0.000000000000000000e+00 9.855876610671201021e+00 2.801177459076633269e+01 5.572559940991211391e+01 5.133599827032664820e+01 5.150799820965317366e+01 4.097391277592556946e+01 4.284674186508166827e+01 9.220021357650127314e+00 1.967888125903798979e+01 1.313740078830362989e+01 7.664645352118043320e+01 6.633555886650138689e+01 4.241184012800447078e+01 4.265368665796020764e+01 1.833354569017210167e+01 2.201177498346398309e+01 2.427624634699861161e+01 2.366312885716403258e+01 2.613738754416762333e+01 2.135248888357700991e+01 3.637092749393274715e+01 5.824846995429100360e+01 6.146318837460504625e+01 5.126183600921118000e+01 4.824398859320956490e+01 4.212379557306131517e+01 4.090537781965004172e+01 3.750577906659540162e+01 3.779939269853834105e+01 4.353488604609940182e+01 5.278004732451797310e+01 4.791864700577139757e+01 6.110189817489649755e+01 4.891148043531561740e+01 4.810422379980339969e+01 3.842398185134439359e+01 4.234747136661808753e+01 5.072309611949014396e+01 5.458906205547548751e+01 4.156238964278139036e+01 7.505633795881821868e+01 7.122595491725712691e+01 8.450640509627778840e+01 8.015144803451642019e+01 6.668263361889337659e+01 8.593875823530778746e+01 7.358989332772361536e+01 8.957666478426406798e+01 8.772813835534890359e+01 9.198313764951859639e+01 8.728647027409154191e+01 9.041535776614310294e+01 9.156165691857572142e+01 7.350301204349148065e+01 6.215719474203574890e+01 5.757982433941116795e+01 8.566679998780919902e+01 5.815750381486881082e+01 5.308465952927267750e+01 9.171372558606289260e+01 9.231884594917353581e+01 9.196068477631267513e+01 8.635469694535501617e+01 7.986062599896540348e+01 8.747200204530395240e+01 8.211760556213990014e+01 7.214901335716288600e+01 7.160470742859459392e+01 6.656584645414038448e+01 9.029134373092763610e+01 8.224649964278519576e+01 7.516131642622445952e+01 7.483060480742179266e+01 7.430882980819691852e+01 8.163143038090015580e+01 7.433203454593241588e+01 6.616969469008873261e+01 5.534660921022550184e+01 6.324738632287997575e+01 5.824562910011286476e+01 5.580339717332940097e+01 5.160272414087692283e+01 6.482499059482283599e+01 6.296832599784312379e+01 7.384374766596560846e+01 5.996698669772320756e+01 6.579475685229877513e+01 7.553208044841221636e+01 8.448986884636630634e+01 8.395678310344136719e+01 7.880784016830661187e+01 9.186457903007020320e+01
4.314094123165253336e+01 5.416045668129048352e+01 2.244315819562512360e+01 2.293605887690467782e+01 3.971307754275321145e+01 3.049844388114056315e+01 3.403866322648426745e+01 1.470909399976358678e+01 3.510274457059053788e+01 1.962241582571872911e+01 1.152149336393160617e+01 9.855876610671201021e+00 0.000000000000000000e+00 3.602985466358306610e+01 5.406366891206511838e+01 4.987905601375914699e+01 4.450725504803727972e+01 4.624125621265942243e+01 4.699924554224864437e+01 6.221823640713967762e+00 1.202726923257014668e+01 9.060313223832999086e+00 7.052151095183606344e+01 5.952857127172592300e+01 3.342862847729890063e+01 3.625644866597640004e+01 2.108622295405481850e+01 2.066177006863629373e+01 2.598263848239464835e+01 2.219829971959189763e+01 2.797355861918497411e+01 2.277506600698645656e+01 3.029812283165362885e+01 5.115589463552188221e+01 5.337024859691234013e+01 4.395443712805731451e+01 4.264349257573417873e+01 4.764799073798648266e+01 4.697146249018592101e+01 3.811156164001019420e+01 4.206875291265153294e+01 4.660350889115173345e+01 5.258059292623478598e+01 4.711375088775498909e+01 6.197082936609478310e+01 5.356459308082849446e+01 5.413413415733995748e+01 4.519122766967088722e+01 4.865472589811843562e+01 5.531526657871064856e+01 5.876397929820459609e+01 4.292475506173678212e+01 7.370472172810998757e+01 6.943480426291758079e+01 8.429638211325671193e+01 8.148615284201667919e+01 6.839611681178294589e+01 8.443725901033154457e+01 7.418134993157202928e+01 8.883788987916496183e+01 8.489982917702398879e+01 9.012575367425996831e+01 8.846162984347131442e+01 9.156165691857572142e+01 9.164813278008298880e+01 7.732495466286471242e+01 6.075682769254538584e+01 5.636704617224972935e+01 8.203968787791131945e+01 6.216842521306829639e+01 5.660793144228806284e+01 9.207951274305952438e+01 9.160289511003061591e+01 9.208266257290848955e+01 8.110064398036810474e+01 7.448438654248744228e+01 8.396343072369654692e+01 7.940799952303996179e+01 7.335108521501706491e+01 7.164444214505816433e+01 6.759550945190210314e+01 9.049237118411129188e+01 8.334722505246284641e+01 7.604476777086073014e+01 7.247801948265347960e+01 6.910043692732212151e+01 7.598486210755712023e+01 6.977803322357026161e+01 6.242897802925492101e+01 5.980582504786433162e+01 6.756498828053025818e+01 5.886796640524953972e+01 5.897442112757265420e+01 5.431304779674255201e+01 6.481187210623185990e+01 6.254016655130562441e+01 7.472138160339237345e+01 6.394751156394033842e+01 7.051886930512813478e+01 7.955247503794980446e+01 8.823486779567225824e+01 8.715913482769860821e+01 8.202417081360806606e+01 9.298233163878330743e+01
5.100472181144129991e+01 5.840852937834131353e+01 3.864964118532839166e+01 2.537932098976500939e+01 3.012552863534246583e+01 4.982977251498925142e+01 3.497999355788470410e+01 4.205875399051873131e+01 5.864961284192369817e+01 5.083313050781363529e+01 2.601401715129303938e+01 2.801177459076633269e+01 3.602985466358306610e+01 0.000000000000000000e+00 5.382256940070713824e+01 4.848558475976059867e+01 6.518295600637709697e+01 1.985523476244691921e+01 2.408620057408175441e+01 3.463066150021072076e+01 4.319494414206083377e+01 3.705034028020858017e+01 8.532042744611887031e+01 7.627687815198231647e+01 6.074833754281611675e+01 5.650797373522956235e+01 2.064254141785072960e+01 2.948855256346893228e+01 2.278001076502136613e+01 3.987847762055877610e+01 3.271815889335078253e+01 2.686722974999269908e+01 4.810077583981043148e+01 6.855212369637682457e+01 7.457468772957439285e+01 6.278976676135552992e+01 5.573818963369198087e+01 1.873921114538261889e+01 2.011528202413540711e+01 3.248677126283231331e+01 2.015026841839462080e+01 2.874300001990655318e+01 4.985089385222821079e+01 4.636568957018228332e+01 5.704654952688682101e+01 3.198765821438255230e+01 2.873218799928928391e+01 2.322510151193667127e+01 3.287774843982468553e+01 4.330414345162916590e+01 4.536997124489386124e+01 4.728857831546750390e+01 6.776242778100098008e+01 6.681057663013753256e+01 7.192503613433959231e+01 6.365076949156937047e+01 5.133895108786250461e+01 7.705843591651949964e+01 6.037100510164060552e+01 7.776047227153128460e+01 8.228058773176999807e+01 8.304336335130362556e+01 7.045495605529301031e+01 7.350301204349145223e+01 7.732495466286469821e+01 5.107576166082503022e+01 5.766422433947790438e+01 5.229736076686366175e+01 8.304090150288169525e+01 3.683072673568919697e+01 3.368910898719089886e+01 7.683018242701953682e+01 8.038385831523187619e+01 7.779762480731639585e+01 9.040744598223363937e+01 8.327754278596115967e+01 8.364505393033149971e+01 7.729621797637267377e+01 5.636331665578254757e+01 5.909527401057624729e+01 5.185650290246546490e+01 7.667694404452619494e+01 6.712545079590663022e+01 6.046112349357093763e+01 6.877238416960554446e+01 7.682462087894541014e+01 8.480371911612408553e+01 7.469499833203248329e+01 6.530947919253647171e+01 3.285150820895782431e+01 4.146251215649299127e+01 4.666059313547651755e+01 3.685131335995774293e+01 3.549299715404788458e+01 5.731771483505021081e+01 5.561018033016914330e+01 6.500486544075984341e+01 4.126967168051469770e+01 4.431452891967603591e+01 5.411284317209534578e+01 6.403494358252375207e+01 6.636034995264054714e+01 6.231746834123651269e+01 7.763788131853704044e+01
1.551048307336130705e+01 9.328694730777806754e+00 3.500054492783600324e+01 3.863330188229021900e+01 2.540555202752002373e+01 3.155597192672907880e+01 2.438329698799496725e+01 4.344446029342936555e+01 3.589083092028625543e+01 4.747736931568829988e+01 5.076053649106411569e+01 5.572559940991211391e+01 5.406366891206511838e+01 5.382256940070713824e+01 0.000000000000000000e+00 7.701357951277648439e+00 3.305174171526005011e+01 4.001960772946227962e+01 3.637690328037384546e+01 5.829078382500992461e+01 5.941657128707478819e+01 6.016988475247064372e+01 3.737412577096355193e+01 3.544530647441541760e+01 5.126745629390219250e+01 6.229351371074489663e+01 4.482699149517785031e+01 4.457801143589870918e+01 4.337100427466170771e+01 6.774099963117527068e+01 6.634072880699545749e+01 5.488782738222468538e+01 3.113406656212194434e+01 3.835153082307184036e+01 5.016060535826021294e+01 4.317706142378460044e+01 4.702565123250758461e+01 4.999035965716225860e+01 6.171358252080869988e+01 5.030271588121096471e+01 4.844219569698911698e+01 5.246577481269412857e+01 7.070608915516450566e+01 6.388693599214653318e+01 8.485715239218117745e+01 6.771999337365186022e+01 7.103061504581091867e+01 7.106354943994158191e+01 8.087315227492979375e+01 8.658946140059784113e+01 8.599282453407460025e+01 8.328966498983299971e+01 2.381870351321953905e+01 1.611690273697546161e+01 4.276813419034895247e+01 4.529827508029597283e+01 3.048217228917732413e+01 3.953492103758883758e+01 3.149646079103379748e+01 5.088938273735637097e+01 4.283588525630250388e+01 5.442483920933769070e+01 5.727553292455847611e+01 6.215719474203574890e+01 6.075682769254538584e+01 5.766422433947791149e+01 8.385460693153007128e+00 1.106261480832309552e+01 3.907671391123466265e+01 4.194701252306622052e+01 3.760806095188632980e+01 6.457582396079378384e+01 6.545874165611691353e+01 6.624742052355472310e+01 3.928852373928918240e+01 3.794408021277689613e+01 5.631290282341895193e+01 6.585703322463257336e+01 4.960909251545592014e+01 4.917094726425091267e+01 4.730048083590167352e+01 7.275306022743578183e+01 7.046344550568440468e+01 5.911276764354646218e+01 3.695908982657245190e+01 4.084462977167008546e+01 5.276117669235000562e+01 4.618421183395540908e+01 4.900637033345562799e+01 5.117193843608453818e+01 6.343799597995869277e+01 5.210125018974576960e+01 5.002939575633306646e+01 5.313984806155462337e+01 7.162909223134484193e+01 6.508696200816369526e+01 8.579163850944890157e+01 6.853928641495267016e+01 7.233409161433122847e+01 7.377135589031561835e+01 8.388208078838326287e+01 8.895418749777969936e+01 8.771769535355682024e+01 8.694615410662244415e+01
